-77 
53 
-34 
30 
-91 
-8 
69 
65 
-60 
-1 
-97 
-55 
-58 
22 
0 
44 
-23 
41 
47 
15 
-6 
100 
95 
3 
-4 
26 
-16 
-72 
8 
63 
-82 
72 
77 
-71 
27 
-12 
55 
-62 
51 
-56 
82 
-20 
-24 
-22 
20 
9 
-79 
90 
-73 
81 
50 
-41 
-54 
-57 
88 
19 
62 
-45 
48 
97 
16 
-40 
39 
4 
-10 
29 
-18 
-89 
66 
10 
73 
-96 
-21 
33 
-68 
-36 
87 
-3 
-65 
13 
-7 
70 
-19 
56 
36 
-83 
86 
-35 
-80 
91 
60 
-44 
42 
54 
46 
89 
-85 
-47 
5 
-98 
-9 
93 
-100 
37 
-33 
11 
24 
-28 
68 
-30 
49 
58 
-11 
1 
-49 
94 
99 
85 
-75 
28 
-95 
-38 
-78 
80 
98 
71 
-13 
-48 
35 
78 
-99 
67 
61 
34 
-76 
74 
-42 
7 
84 
-92 
-61 
38 
-69 
-84 
79 
-5 
-66 
59 
-39 
12 
-93 
52 
-14 
-70 
-26 
92 
17 
-64 
-94 
45 
21 
83 
-31 
-46 
6 
43 
31 
14 
-86 
-27 
-87 
2 
18 
-37 
-88 
57 
76 
40 
-32 
96 
25 
32 
-15 
-17 
23 
-63 
-81 
-67 
-90 
-59 
-74 
-50 
-51 
-43 
-52 
-29 
64 
-25 
75 
