1 0 0 0 0 0
1 1 0 5 0 1632
1 2 0 13 0 1964
1 3 0 19 0 2652
1 4 0 33 0 4543
1 5 0 44 0 5291
1 6 0 51 0 5547
1 7 0 51 0 5547
1 8 0 51 7395 5547
1 9 23 100 7395 5547
1 10 65 165 7395 5547
1 11 104 238 7395 5547
1 12 119 299 7395 5547
1 13 169 334 7395 5547
1 14 211 389 7395 5547
1 15 229 426 7395 5547
1 16 258 498 7395 5547
1 17 307 511 7395 5547
1 18 357 581 7395 5547
1 19 376 664 7395 5547
1 20 376 712 7395 5547
1 21 389 772 7395 5547
1 22 397 791 7395 5547
1 23 439 822 7395 5547
2 0 439 822 7395 5547
2 1 439 841 7395 6934
2 2 439 846 7395 8059
2 3 439 866 7395 8365
2 4 439 883 7395 9796
2 5 439 885 7395 10446
2 6 439 886 7395 11349
2 7 439 886 7395 11349
2 8 439 886 14220 11349
2 9 489 891 14220 11349
2 10 496 913 14220 11349
2 11 522 990 14220 11349
2 12 552 1012 14220 11349
2 13 576 1054 14220 11349
2 14 578 1109 14220 11349
2 15 614 1201 14220 11349
2 16 621 1247 14220 11349
2 17 657 1335 14220 11349
2 18 699 1361 14220 11349
2 19 718 1384 14220 11349
2 20 754 1465 14220 11349
2 21 769 1504 14220 11349
2 22 777 1550 14220 11349
2 23 798 1559 14220 11349
3 0 798 1559 14220 11349
3 1 798 1574 14220 11454
3 2 798 1581 14220 12574
3 3 798 1582 14220 13100
3 4 798 1594 14220 13943
3 5 798 1596 14220 15920
3 6 798 1610 14220 17314
3 7 798 1610 14220 17314
3 8 798 1610 19451 17314
3 9 807 1671 19451 17314
3 10 833 1737 19451 17314
3 11 866 1775 19451 17314
3 12 908 1791 19451 17314
3 13 909 1817 19451 17314
3 14 939 1840 19451 17314
3 15 953 1855 19451 17314
3 16 956 1910 19451 17314
3 17 981 1911 19451 17314
3 18 992 1973 19451 17314
3 19 1024 2045 19451 17314
3 20 1028 2131 19451 17314
3 21 1044 2227 19451 17314
3 22 1094 2270 19451 17314
3 23 1132 2314 19451 17314
4 0 1132 2314 19451 17314
4 1 1132 2327 19451 19211
4 2 1132 2334 19451 19360
4 3 1132 2346 19451 19771
4 4 1132 2363 19451 20639
4 5 1132 2382 19451 21254
4 6 1132 2398 19451 21924
4 7 1132 2398 19451 21924
4 8 1132 2398 26622 21924
4 9 1137 2497 26622 21924
4 10 1158 2542 26622 21924
4 11 1201 2601 26622 21924
4 12 1225 2689 26622 21924
4 13 1243 2774 26622 21924
4 14 1249 2832 26622 21924
4 15 1275 2908 26622 21924
4 16 1283 2953 26622 21924
4 17 1302 2965 26622 21924
4 18 1331 2992 26622 21924
4 19 1378 3057 26622 21924
4 20 1424 3105 26622 21924
4 21 1450 3166 26622 21924
4 22 1464 3173 26622 21924
4 23 1498 3250 26622 21924
5 0 1498 3250 26622 21924
5 1 1498 3250 26622 21994
5 2 1498 3260 26622 22026
5 3 1498 3267 26622 22315
5 4 1498 3285 26622 22615
5 5 1498 3292 26622 23433
5 6 1498 3293 26622 25173
5 7 1498 3293 26622 25173
5 8 1498 3293 31853 25173
5 9 1539 3314 31853 25173
5 10 1577 3333 31853 25173
5 11 1609 3368 31853 25173
5 12 1624 3397 31853 25173
5 13 1627 3438 31853 25173
5 14 1642 3485 31853 25173
5 15 1642 3521 31853 25173
5 16 1670 3573 31853 25173
5 17 1717 3582 31853 25173
5 18 1752 3618 31853 25173
5 19 1776 3662 31853 25173
5 20 1787 3687 31853 25173
5 21 1837 3711 31853 25173
5 22 1848 3748 31853 25173
5 23 1895 3799 31853 25173
6 0 1895 3799 31853 25173
6 1 1895 3815 31853 26415
6 2 1895 3818 31853 26975
6 3 1895 3825 31853 28675
6 4 1895 3831 31853 30535
6 5 1895 3845 31853 30783
6 6 1895 3847 31853 31701
6 7 1895 3847 31853 31701
6 8 1895 3847 36965 31701
6 9 1943 3904 36965 31701
6 10 1944 3976 36965 31701
6 11 1963 4035 36965 31701
6 12 2012 4094 36965 31701
6 13 2062 4124 36965 31701
6 14 2090 4169 36965 31701
6 15 2137 4174 36965 31701
6 16 2169 4265 36965 31701
6 17 2189 4276 36965 31701
6 18 2223 4346 36965 31701
6 19 2230 4366 36965 31701
6 20 2248 4460 36965 31701
6 21 2268 4495 36965 31701
6 22 2301 4564 36965 31701
6 23 2315 4585 36965 31701
7 0 2315 4585 36965 31701
7 1 2315 4592 36965 32987
7 2 2315 4599 36965 34494
7 3 2315 4607 36965 35094
7 4 2315 4610 36965 36908
7 5 2315 4612 36965 38316
7 6 2315 4627 36965 38532
7 7 2315 4627 36965 38532
7 8 2315 4627 44206 38532
7 9 2323 4694 44206 38532
7 10 2344 4761 44206 38532
7 11 2393 4814 44206 38532
7 12 2394 4815 44206 38532
7 13 2400 4844 44206 38532
7 14 2418 4879 44206 38532
7 15 2425 4943 44206 38532
7 16 2428 5040 44206 38532
7 17 2436 5111 44206 38532
7 18 2476 5139 44206 38532
7 19 2503 5159 44206 38532
7 20 2517 5166 44206 38532
7 21 2543 5231 44206 38532
7 22 2571 5288 44206 38532
7 23 2572 5317 44206 38532
8 0 2572 5317 44206 38532
8 1 2572 5322 44206 39095
8 2 2572 5337 44206 39504
8 3 2572 5338 44206 40743
8 4 2572 5349 44206 40950
8 5 2572 5351 44206 42863
8 6 2572 5370 44206 44344
8 7 2572 5370 44206 44344
8 8 2572 5370 49534 44344
8 9 2610 5419 49534 44344
8 10 2614 5451 49534 44344
8 11 2640 5518 49534 44344
8 12 2688 5570 49534 44344
8 13 2694 5639 49534 44344
8 14 2703 5661 49534 44344
8 15 2731 5734 49534 44344
8 16 2761 5832 49534 44344
8 17 2767 5922 49534 44344
8 18 2817 5968 49534 44344
8 19 2864 6020 49534 44344
8 20 2872 6080 49534 44344
8 21 2900 6176 49534 44344
8 22 2932 6220 49534 44344
8 23 2938 6298 49534 44344
9 0 2938 6298 49534 44344
9 1 2938 6310 49534 45888
9 2 2938 6312 49534 46245
9 3 2938 6320 49534 46683
9 4 2938 6325 49534 48491
9 5 2938 6338 49534 49640
9 6 2938 6346 49534 50491
9 7 2938 6346 49534 50491
9 8 2938 6346 54767 50491
9 9 2970 6427 54767 50491
9 10 2973 6482 54767 50491
9 11 3020 6578 54767 50491
9 12 3043 6587 54767 50491
9 13 3052 6621 54767 50491
9 14 3055 6639 54767 50491
9 15 3072 6653 54767 50491
9 16 3075 6698 54767 50491
9 17 3101 6699 54767 50491
9 18 3123 6746 54767 50491
9 19 3144 6846 54767 50491
9 20 3193 6921 54767 50491
9 21 3201 6930 54767 50491
9 22 3216 7027 54767 50491
9 23 3244 7115 54767 50491
10 0 3244 7115 54767 50491
10 1 3244 7118 54767 51535
10 2 3244 7127 54767 53432
10 3 3244 7140 54767 53923
10 4 3244 7157 54767 54432
10 5 3244 7164 54767 55156
10 6 3244 7168 54767 55820
10 7 3244 7168 54767 55820
10 8 3244 7168 60646 55820
10 9 3270 7214 60646 55820
10 10 3270 7297 60646 55820
10 11 3293 7366 60646 55820
10 12 3324 7422 60646 55820
10 13 3359 7431 60646 55820
10 14 3398 7497 60646 55820
10 15 3436 7523 60646 55820
10 16 3436 7622 60646 55820
10 17 3437 7650 60646 55820
10 18 3468 7716 60646 55820
10 19 3477 7781 60646 55820
10 20 3493 7789 60646 55820
10 21 3494 7805 60646 55820
10 22 3503 7873 60646 55820
10 23 3542 7905 60646 55820
11 0 3542 7905 60646 55820
11 1 3542 7913 60646 57061
11 2 3542 7923 60646 58907
11 3 3542 7938 60646 60708
11 4 3542 7956 60646 61665
11 5 3542 7956 60646 63048
11 6 3542 7968 60646 63194
11 7 3542 7968 60646 63194
11 8 3542 7968 65659 63194
11 9 3555 8053 65659 63194
11 10 3603 8106 65659 63194
11 11 3604 8191 65659 63194
11 12 3616 8287 65659 63194
11 13 3635 8296 65659 63194
11 14 3638 8313 65659 63194
11 15 3679 8352 65659 63194
11 16 3693 8438 65659 63194
11 17 3719 8439 65659 63194
11 18 3733 8505 65659 63194
11 19 3771 8508 65659 63194
11 20 3776 8600 65659 63194
11 21 3816 8687 65659 63194
11 22 3842 8727 65659 63194
11 23 3885 8799 65659 63194
12 0 3885 8799 65659 63194
12 1 3885 8813 65659 64834
12 2 3885 8817 65659 66151
12 3 3885 8828 65659 68030
12 4 3885 8839 65659 69223
12 5 3885 8851 65659 69236
12 6 3885 8853 65659 69386
12 7 3885 8853 65659 69386
12 8 3885 8853 72841 69386
12 9 3923 8870 72841 69386
12 10 3951 8889 72841 69386
12 11 3960 8917 72841 69386
12 12 3998 8925 72841 69386
12 13 4029 8932 72841 69386
12 14 4075 8933 72841 69386
12 15 4111 9012 72841 69386
12 16 4139 9029 72841 69386
12 17 4177 9076 72841 69386
12 18 4226 9106 72841 69386
12 19 4227 9183 72841 69386
12 20 4230 9271 72841 69386
12 21 4235 9350 72841 69386
12 22 4266 9412 72841 69386
12 23 4297 9466 72841 69386
13 0 4297 9466 72841 69386
13 1 4297 9481 72841 70849
13 2 4297 9496 72841 71146
13 3 4297 9500 72841 72743
13 4 4297 9507 72841 74287
13 5 4297 9514 72841 75099
13 6 4297 9533 72841 75258
13 7 4297 9533 72841 75258
13 8 4297 9533 78470 75258
13 9 4343 9584 78470 75258
13 10 4393 9660 78470 75258
13 11 4415 9696 78470 75258
13 12 4445 9742 78470 75258
13 13 4447 9797 78470 75258
13 14 4458 9886 78470 75258
13 15 4487 9947 78470 75258
13 16 4491 10035 78470 75258
13 17 4497 10110 78470 75258
13 18 4513 10202 78470 75258
13 19 4534 10221 78470 75258
13 20 4580 10275 78470 75258
13 21 4606 10334 78470 75258
13 22 4652 10426 78470 75258
13 23 4695 10486 78470 75258
14 0 4695 10486 78470 75258
14 1 4695 10501 78470 76042
14 2 4695 10501 78470 77723
14 3 4695 10515 78470 79602
14 4 4695 10518 78470 81390
14 5 4695 10534 78470 81460
14 6 4695 10545 78470 81822
14 7 4695 10545 78470 81822
14 8 4695 10545 85478 81822
14 9 4736 10562 85478 81822
14 10 4764 10618 85478 81822
14 11 4787 10669 85478 81822
14 12 4787 10744 85478 81822
14 13 4804 10794 85478 81822
14 14 4825 10807 85478 81822
14 15 4855 10823 85478 81822
14 16 4889 10855 85478 81822
14 17 4938 10869 85478 81822
14 18 4940 10873 85478 81822
14 19 4942 10874 85478 81822
14 20 4980 10878 85478 81822
14 21 5002 10899 85478 81822
14 22 5008 10942 85478 81822
14 23 5050 11011 85478 81822
15 0 5050 11011 85478 81822
15 1 5050 11031 85478 83370
15 2 5050 11041 85478 84357
15 3 5050 11059 85478 85766
15 4 5050 11065 85478 86016
15 5 5050 11077 85478 86289
15 6 5050 11081 85478 87645
15 7 5050 11081 85478 87645
15 8 5050 11081 92503 87645
15 9 5088 11172 92503 87645
15 10 5105 11172 92503 87645
15 11 5129 11266 92503 87645
15 12 5154 11351 92503 87645
15 13 5157 11386 92503 87645
15 14 5176 11451 92503 87645
15 15 5202 11502 92503 87645
15 16 5241 11561 92503 87645
15 17 5263 11622 92503 87645
15 18 5290 11683 92503 87645
15 19 5332 11734 92503 87645
15 20 5351 11741 92503 87645
15 21 5360 11821 92503 87645
15 22 5369 11826 92503 87645
15 23 5401 11895 92503 87645
16 0 5401 11895 92503 87645
16 1 5401 11904 92503 88536
16 2 5401 11924 92503 89657
16 3 5401 11936 92503 91239
16 4 5401 11951 92503 92719
16 5 5401 11951 92503 94347
16 6 5401 11958 92503 94645
16 7 5401 11958 92503 94645
16 8 5401 11958 99041 94645
16 9 5449 12005 99041 94645
16 10 5497 12014 99041 94645
16 11 5524 12105 99041 94645
16 12 5554 12179 99041 94645
16 13 5581 12242 99041 94645
16 14 5585 12310 99041 94645
16 15 5617 12383 99041 94645
16 16 5656 12448 99041 94645
16 17 5680 12529 99041 94645
16 18 5720 12604 99041 94645
16 19 5742 12665 99041 94645
16 20 5755 12713 99041 94645
16 21 5757 12750 99041 94645
16 22 5789 12848 99041 94645
16 23 5832 12868 99041 94645
17 0 5832 12868 99041 94645
17 1 5832 12876 99041 96042
17 2 5832 12881 99041 96751
17 3 5832 12899 99041 97508
17 4 5832 12909 99041 98710
17 5 5832 12914 99041 99544
17 6 5832 12924 99041 101257
17 7 5832 12924 99041 101257
17 8 5832 12924 105458 101257
17 9 5857 12932 105458 101257
17 10 5876 13006 105458 101257
17 11 5903 13084 105458 101257
17 12 5948 13155 105458 101257
17 13 5958 13156 105458 101257
17 14 6006 13187 105458 101257
17 15 6009 13238 105458 101257
17 16 6018 13313 105458 101257
17 17 6036 13340 105458 101257
17 18 6059 13350 105458 101257
17 19 6091 13429 105458 101257
17 20 6101 13510 105458 101257
17 21 6132 13518 105458 101257
17 22 6157 13568 105458 101257
17 23 6188 13613 105458 101257
18 0 6188 13613 105458 101257
18 1 6188 13616 105458 102578
18 2 6188 13622 105458 103194
18 3 6188 13639 105458 103389
18 4 6188 13651 105458 103843
18 5 6188 13655 105458 104527
18 6 6188 13674 105458 104867
18 7 6188 13674 105458 104867
18 8 6188 13674 110723 104867
18 9 6233 13741 110723 104867
18 10 6240 13839 110723 104867
18 11 6279 13921 110723 104867
18 12 6297 13975 110723 104867
18 13 6344 14060 110723 104867
18 14 6359 14086 110723 104867
18 15 6364 14171 110723 104867
18 16 6394 14175 110723 104867
18 17 6430 14189 110723 104867
18 18 6478 14247 110723 104867
18 19 6493 14269 110723 104867
18 20 6494 14336 110723 104867
18 21 6524 14364 110723 104867
18 22 6571 14402 110723 104867
18 23 6591 14473 110723 104867
19 0 6591 14473 110723 104867
19 1 6591 14486 110723 105081
19 2 6591 14491 110723 106768
19 3 6591 14500 110723 108221
19 4 6591 14504 110723 108230
19 5 6591 14524 110723 108599
19 6 6591 14524 110723 109875
19 7 6591 14524 110723 109875
19 8 6591 14524 118137 109875
19 9 6623 14594 118137 109875
19 10 6650 14641 118137 109875
19 11 6670 14741 118137 109875
19 12 6676 14814 118137 109875
19 13 6689 14891 118137 109875
19 14 6739 14946 118137 109875
19 15 6784 14996 118137 109875
19 16 6793 15060 118137 109875
19 17 6819 15068 118137 109875
19 18 6857 15135 118137 109875
19 19 6865 15142 118137 109875
19 20 6899 15176 118137 109875
19 21 6944 15273 118137 109875
19 22 6972 15292 118137 109875
19 23 6987 15314 118137 109875
20 0 6987 15314 118137 109875
20 1 6987 15322 118137 111234
20 2 6987 15335 118137 113050
20 3 6987 15349 118137 114621
20 4 6987 15359 118137 115453
20 5 6987 15377 118137 115645
20 6 6987 15387 118137 117547
20 7 6987 15387 118137 117547
20 8 6987 15387 125399 117547
20 9 7006 15387 125399 117547
20 10 7042 15415 125399 117547
20 11 7048 15478 125399 117547
20 12 7051 15522 125399 117547
20 13 7086 15616 125399 117547
20 14 7131 15659 125399 117547
20 15 7144 15738 125399 117547
20 16 7149 15752 125399 117547
20 17 7170 15801 125399 117547
20 18 7214 15832 125399 117547
20 19 7228 15927 125399 117547
20 20 7229 15938 125399 117547
20 21 7238 16028 125399 117547
20 22 7286 16123 125399 117547
20 23 7320 16148 125399 117547
21 0 7320 16148 125399 117547
21 1 7320 16161 125399 117625
21 2 7320 16177 125399 118373
21 3 7320 16184 125399 118507
21 4 7320 16203 125399 120440
21 5 7320 16208 125399 121536
21 6 7320 16226 125399 121609
21 7 7320 16226 125399 121609
21 8 7320 16226 131276 121609
21 9 7365 16309 131276 121609
21 10 7401 16350 131276 121609
21 11 7438 16355 131276 121609
21 12 7484 16415 131276 121609
21 13 7513 16453 131276 121609
21 14 7551 16512 131276 121609
21 15 7588 16539 131276 121609
21 16 7605 16632 131276 121609
21 17 7652 16639 131276 121609
21 18 7683 16712 131276 121609
21 19 7713 16799 131276 121609
21 20 7749 16898 131276 121609
21 21 7776 16983 131276 121609
21 22 7814 17068 131276 121609
21 23 7856 17130 131276 121609
22 0 7856 17130 131276 121609
22 1 7856 17135 131276 123138
22 2 7856 17152 131276 124953
22 3 7856 17168 131276 125633
22 4 7856 17184 131276 127540
22 5 7856 17196 131276 127809
22 6 7856 17215 131276 128570
22 7 7856 17215 131276 128570
22 8 7856 17215 138468 128570
22 9 7893 17280 138468 128570
22 10 7911 17344 138468 128570
22 11 7961 17379 138468 128570
22 12 7984 17421 138468 128570
22 13 8026 17452 138468 128570
22 14 8042 17522 138468 128570
22 15 8089 17538 138468 128570
22 16 8120 17631 138468 128570
22 17 8132 17723 138468 128570
22 18 8159 17780 138468 128570
22 19 8209 17870 138468 128570
22 20 8224 17958 138468 128570
22 21 8273 17989 138468 128570
22 22 8316 18036 138468 128570
22 23 8343 18048 138468 128570
23 0 8343 18048 138468 128570
23 1 8343 18055 138468 129597
23 2 8343 18063 138468 130218
23 3 8343 18064 138468 132194
23 4 8343 18073 138468 133819
23 5 8343 18089 138468 135802
23 6 8343 18099 138468 137151
23 7 8343 18099 138468 137151
23 8 8343 18099 144436 137151
23 9 8377 18157 144436 137151
23 10 8382 18204 144436 137151
23 11 8418 18251 144436 137151
23 12 8433 18265 144436 137151
23 13 8449 18294 144436 137151
23 14 8480 18392 144436 137151
23 15 8482 18477 144436 137151
23 16 8482 18516 144436 137151
23 17 8502 18580 144436 137151
23 18 8503 18669 144436 137151
23 19 8524 18743 144436 137151
23 20 8568 18744 144436 137151
23 21 8572 18789 144436 137151
23 22 8611 18875 144436 137151
23 23 8638 18898 144436 137151
24 0 8638 18898 144436 137151
24 1 8638 18910 144436 137589
24 2 8638 18928 144436 137714
24 3 8638 18937 144436 137901
24 4 8638 18954 144436 137948
24 5 8638 18963 144436 138756
24 6 8638 18969 144436 139052
24 7 8638 18969 144436 139052
24 8 8638 18969 151040 139052
24 9 8662 19018 151040 139052
24 10 8681 19047 151040 139052
24 11 8706 19050 151040 139052
24 12 8722 19100 151040 139052
24 13 8756 19182 151040 139052
24 14 8803 19241 151040 139052
24 15 8827 19320 151040 139052
24 16 8848 19345 151040 139052
24 17 8870 19364 151040 139052
24 18 8889 19451 151040 139052
24 19 8919 19489 151040 139052
24 20 8947 19567 151040 139052
24 21 8954 19573 151040 139052
24 22 8983 19620 151040 139052
24 23 8988 19657 151040 139052
25 0 8988 19657 151040 139052
25 1 8988 19674 151040 140616
25 2 8988 19675 151040 142073
25 3 8988 19689 151040 142377
25 4 8988 19706 151040 142913
25 5 8988 19718 151040 143133
25 6 8988 19723 151040 143859
25 7 8988 19723 151040 143859
25 8 8988 19723 156586 143859
25 9 9034 19723 156586 143859
25 10 9066 19805 156586 143859
25 11 9090 19877 156586 143859
25 12 9097 19947 156586 143859
25 13 9125 19988 156586 143859
25 14 9128 19996 156586 143859
25 15 9159 20018 156586 143859
25 16 9199 20069 156586 143859
25 17 9212 20125 156586 143859
25 18 9222 20209 156586 143859
25 19 9227 20241 156586 143859
25 20 9256 20321 156586 143859
25 21 9305 20355 156586 143859
25 22 9331 20396 156586 143859
25 23 9338 20403 156586 143859
26 0 9338 20403 156586 143859
26 1 9338 20405 156586 144116
26 2 9338 20419 156586 145791
26 3 9338 20428 156586 147089
26 4 9338 20444 156586 148038
26 5 9338 20453 156586 149803
26 6 9338 20461 156586 150016
26 7 9338 20461 156586 150016
26 8 9338 20461 163585 150016
26 9 9380 20480 163585 150016
26 10 9394 20521 163585 150016
26 11 9425 20597 163585 150016
26 12 9434 20611 163585 150016
26 13 9474 20619 163585 150016
26 14 9477 20664 163585 150016
26 15 9482 20763 163585 150016
26 16 9508 20799 163585 150016
26 17 9511 20872 163585 150016
26 18 9520 20931 163585 150016
26 19 9568 21028 163585 150016
26 20 9580 21116 163585 150016
26 21 9616 21178 163585 150016
26 22 9620 21235 163585 150016
26 23 9645 21272 163585 150016
27 0 9645 21272 163585 150016
27 1 9645 21276 163585 150041
27 2 9645 21285 163585 150893
27 3 9645 21304 163585 151609
27 4 9645 21306 163585 152834
27 5 9645 21322 163585 154629
27 6 9645 21328 163585 155241
27 7 9645 21328 163585 155241
27 8 9645 21328 168883 155241
27 9 9669 21338 168883 155241
27 10 9678 21432 168883 155241
27 11 9702 21458 168883 155241
27 12 9732 21470 168883 155241
27 13 9773 21531 168883 155241
27 14 9808 21585 168883 155241
27 15 9853 21641 168883 155241
27 16 9862 21714 168883 155241
27 17 9872 21787 168883 155241
27 18 9909 21868 168883 155241
27 19 9927 21903 168883 155241
27 20 9949 21911 168883 155241
27 21 9967 21978 168883 155241
27 22 10006 22024 168883 155241
27 23 10055 22112 168883 155241
28 0 10055 22112 168883 155241
28 1 10055 22129 168883 156344
28 2 10055 22147 168883 156838
28 3 10055 22150 168883 158601
28 4 10055 22164 168883 159976
28 5 10055 22169 168883 161908
28 6 10055 22169 168883 162600
28 7 10055 22169 168883 162600
28 8 10055 22169 175605 162600
28 9 10059 22254 175605 162600
28 10 10081 22310 175605 162600
28 11 10105 22365 175605 162600
28 12 10120 22463 175605 162600
28 13 10158 22526 175605 162600
28 14 10203 22555 175605 162600
28 15 10237 22612 175605 162600
28 16 10283 22682 175605 162600
28 17 10315 22729 175605 162600
28 18 10340 22739 175605 162600
28 19 10350 22756 175605 162600
28 20 10372 22846 175605 162600
28 21 10398 22903 175605 162600
28 22 10408 22964 175605 162600
28 23 10439 23030 175605 162600
29 0 10439 23030 175605 162600
29 1 10439 23043 175605 164316
29 2 10439 23046 175605 165906
29 3 10439 23064 175605 166740
29 4 10439 23066 175605 166885
29 5 10439 23075 175605 167351
29 6 10439 23091 175605 168412
29 7 10439 23091 175605 168412
29 8 10439 23091 181076 168412
29 9 10475 23108 181076 168412
29 10 10488 23150 181076 168412
29 11 10528 23217 181076 168412
29 12 10539 23260 181076 168412
29 13 10554 23272 181076 168412
29 14 10599 23369 181076 168412
29 15 10640 23398 181076 168412
29 16 10653 23418 181076 168412
29 17 10696 23447 181076 168412
29 18 10732 23449 181076 168412
29 19 10759 23533 181076 168412
29 20 10806 23550 181076 168412
29 21 10837 23635 181076 168412
29 22 10839 23679 181076 168412
29 23 10873 23758 181076 168412
30 0 10873 23758 181076 168412
30 1 10873 23774 181076 170261
30 2 10873 23787 181076 171258
30 3 10873 23799 181076 171898
30 4 10873 23800 181076 173319
30 5 10873 23810 181076 173929
30 6 10873 23823 181076 175857
30 7 10873 23823 181076 175857
30 8 10873 23823 186209 175857
30 9 10892 23903 186209 175857
30 10 10905 23984 186209 175857
30 11 10934 24072 186209 175857
30 12 10950 24105 186209 175857
30 13 10963 24108 186209 175857
30 14 10993 24199 186209 175857
30 15 11025 24277 186209 175857
30 16 11027 24304 186209 175857
30 17 11069 24356 186209 175857
30 18 11078 24428 186209 175857
30 19 11111 24519 186209 175857
30 20 11129 24601 186209 175857
30 21 11130 24657 186209 175857
30 22 11146 24708 186209 175857
30 23 11194 24721 186209 175857
31 0 11194 24721 186209 175857
31 1 11194 24734 186209 177097
31 2 11194 24736 186209 177753
31 3 11194 24754 186209 178015
31 4 11194 24757 186209 179627
31 5 11194 24763 186209 179776
31 6 11194 24779 186209 179896
31 7 11194 24779 186209 179896
31 8 11194 24779 193094 179896
31 9 11228 24872 193094 179896
31 10 11236 24911 193094 179896
31 11 11279 25010 193094 179896
31 12 11294 25051 193094 179896
31 13 11319 25120 193094 179896
31 14 11339 25154 193094 179896
31 15 11356 25219 193094 179896
31 16 11374 25316 193094 179896
31 17 11397 25415 193094 179896
31 18 11425 25452 193094 179896
31 19 11463 25527 193094 179896
31 20 11496 25620 193094 179896
31 21 11527 25718 193094 179896
31 22 11551 25817 193094 179896
31 23 11562 25898 193094 179896
