-77
53
-34
30
-91
-8
69
65
-60
-1
-97
-55
-58
22
0
44
-23
-1
41
47
15
0
-6
100
95
3
-4
26
-16
-72
8
63
-82
72
77
-71
27
-23
41
-12
55
30
-62
-82
51
-56
82
-20
-24
-97
-22
20
53
9
-79
26
90
-73
81
50
-41
-24
-54
-57
88
19
62
-45
48
48
97
16
0
50
-40
39
4
-71
-4
-10
29
-18
-89
66
-24
10
73
-20
-96
-21
-21
33
-68
-36
-57
87
-3
-65
13
-7
77
70
-19
-41
48
-91
56
36
-73
-83
-8
86
-35
-80
47
91
60
70
9
-44
-55
42
91
54
46
39
89
-85
-47
16
5
-19
-54
-98
-22
-9
100
93
20
70
-12
16
51
-18
55
-65
-1
-100
-36
4
29
-19
37
-89
88
87
-54
55
60
97
-72
-33
11
-3
15
47
24
-28
55
3
-60
44
0
68
-30
3
49
58
-11
60
-12
56
1
-77
-49
33
94
86
-65
91
99
-96
-30
-22
85
-75
28
36
-89
-95
-38
-24
-12
-1
-34
-78
-80
29
80
-78
-28
-11
-65
98
72
71
-13
-48
3
-41
-80
35
-58
91
62
-12
46
78
5
-19
-99
-98
67
-1
61
93
16
34
70
72
-76
78
4
-47
88
74
71
56
91
-54
-42
7
-11
91
-33
84
-92
90
-61
-13
38
-97
-40
95
-92
-69
86
62
-84
79
22
-80
-75
-60
-18
89
27
87
-5
-66
59
53
-34
67
13
49
36
-39
-49
-72
12
-22
71
-33
-65
0
100
-85
-85
-12
-93
-56
49
63
52
63
94
-14
-76
-89
-4
-22
-84
50
66
-70
-98
-42
-100
49
97
-26
29
89
3
-96
92
-5
-57
17
-64
-92
81
87
-94
45
33
-22
91
62
53
-96
90
-91
21
-5
-56
-70
83
-13
-70
68
91
-31
-85
-46
-33
59
-73
99
22
-30
-49
4
89
-60
-30
99
-18
74
6
43
-68
71
-64
26
-45
11
73
73
12
-89
31
5
-5
86
84
48
39
84
-36
-19
-91
56
46
14
-65
62
99
-6
58
98
43
-86
-99
-60
-27
-87
36
8
53
33
63
2
28
1
48
18
94
0
27
-28
11
49
30
-69
-14
-61
-87
-31
17
-28
-23
0
-37
56
-34
46
-56
-93
6
-8
-16
6
94
94
-89
-36
-88
20
12
60
70
55
31
57
98
62
-41
81
36
66
-38
-24
28
-92
72
-93
21
61
-89
76
-23
40
98
81
-42
47
41
22
72
24
28
-32
42
96
-8
-13
-93
89
-71
73
43
47
9
-78
-12
21
-70
27
97
81
-3
-84
25
17
-56
-42
-92
59
30
-95
-28
2
20
-60
89
-98
-41
-84
-41
53
-56
83
-34
98
6
-4
32
1
-70
14
-72
-15
-16
5
6
-73
24
6
-39
-85
-16
63
-56
56
61
25
16
-17
86
-66
23
65
-63
-97
33
30
48
31
60
-15
-83
9
-85
10
86
-11
72
-27
19
1
63
87
-55
19
50
53
49
-66
-35
96
-72
74
-10
-6
-7
99
-81
-20
-35
-12
68
44
48
84
18
-95
-83
-26
10
54
-97
-45
-70
7
15
-24
-67
-98
1
83
-11
28
-84
4
38
-13
17
7
-15
-47
-78
48
-60
-13
-11
25
-15
21
-81
-35
-83
49
100
-19
-90
18
61
68
83
94
-7
-68
96
-70
-57
-59
-86
63
-20
-16
57
-8
92
-86
-60
-60
54
-74
74
72
29
29
-56
-99
71
-34
0
2
44
-20
-16
-45
-64
-84
-55
71
82
14
84
63
84
-11
-47
-80
-30
-13
56
-20
99
-5
96
-19
-62
94
46
-58
-8
94
53
-42
71
62
83
89
83
97
-32
84
-77
-55
100
-10
-74
-59
2
100
33
-38
-74
73
-16
71
-88
44
2
54
-58
45
-87
34
-48
95
46
2
4
-97
68
45
-7
-21
60
-38
-33
-31
24
86
34
61
5
54
58
-30
-62
-28
69
-79
-10
-41
99
27
-55
36
38
80
-94
-42
47
99
27
15
-86
-87
-71
-66
-15
68
-34
-50
-11
-66
-51
60
-68
5
-13
19
-24
88
-51
-43
-68
27
69
-58
-52
12
53
-97
90
52
-90
13
-29
42
-66
-43
15
-60
84
-76
37
96
85
7
-84
55
-42
-84
96
-60
-24
-20
81
46
-100
-31
38
-3
-12
-40
64
-71
-48
-26
-37
-15
-73
59
64
65
-52
-31
-20
37
81
89
-68
69
81
-39
-75
33
70
-33
-27
77
-67
-5
-25
-65
-11
19
34
3
-45
16
5
-11
45
74
-19
79
-59
-68
-81
-77
-95
16
-92
9
-21
-18
-100
-62
50
28
-31
62
-79
24
54
-7
75
55
41
80
-43
52
-12
-97
46
69
-17
2
-99
-100
13
5
-58
48
76
48
-22
-45
-41
-85
41
-34
34
-44
-86
-37
41
39
41
98
-33
100
40
32
40
-84
-78
-17
65
86
29
66
-89
-14
33
-46
17
63
1
48
40
35
91
30
-15
82
-69
-57
-41
-36
-22
-83
2
95
-62
13
17
-96
-16
-83
-8
77
47
-83
42
-99
-9
24
1
56
90
-29
23
52
-11
-83
-7
-57
-39
-33
-88
-81
80
-21
-47
-97
-96
76
-63
44
-63
9
